16384
16385
16386
16387
16388
10582
16390
16391
16392
16393
16394
10583
16396
16397
16398
16399
16400
10584
16402
16403
16404
16405
16406
10585
16408
16409
16410
16411
16412
10586
16414
16389
16416
16417
10587
10588
10589
10590
10591
10592
16395
10593
10594
10595
10596
10597
10598
16401
8298
8299
8300
8301
8302
8303
8304
8305
8306
8307
8308
8309
8310
8311
8312
8313
8314
8315
8316
8317
8318
8320
8321
8322
8323
8324
8325
8326
8327
8328
8329
8330
8331
8332
8333
8334
8335
8336
8337
8338
8339
8340
10606
10607
10608
10609
10610
16413
10611
10612
16415
10613
4290
4291
4292
4293
4294
4295
4296
4297
4298
4299
4300
4301
4302
4303
4304
4305
4306
4307
4308
4309
4310
4311
4312
4313
4314
4315
4316
4317
4318
4319
4320
4321
4322
4323
4324
4325
4326
4327
4328
4329
4330
4331
4332
4333
4334
4335
4336
4337
4338
4339
4340
4341
4342
4343
4344
4345
4346
4347
4348
4349
4350
4351
4352
6528
6529
6530
6531
6532
6533
6534
2345
2346
2347
2348
2349
2350
2351
2352
2353
2354
2355
2356
2357
2358
2359
2360
2361
2362
2363
2364
6538
2366
2367
2368
2369
2370
2371
2372
2373
2374
2375
2376
2377
2378
2379
2380
2381
2382
2383
2384
2385
6482
6483
6484
6485
6486
6487
6488
6489
6490
6491
6492
6493
6494
6495
6496
6497
6498
6499
6500
6501
6502
6503
6504
6505
6506
6507
6508
6509
6510
6511
6512
6513
6514
6515
6516
6517
6518
6519
6520
6521
6522
6523
6524
6525
6526
6527
2432
2433
2434
2435
2436
2437
2438
2439
2440
2441
2442
2443
2444
2445
2446
2447
2448
2449
2450
2451
15438
13049
15439
15440
15441
15442
15443
15444
13055
15445
15446
15447
19794
15448
15449
15450
19795
2604
2605
2606
2607
2608
2609
2610
2611
2612
2613
2614
2615
2616
2617
2618
2619
2620
2621
2622
2623
2624
2625
2626
2627
2628
2629
2630
2631
2632
2633
2634
2635
2636
2637
2638
2639
2640
2641
2642
2643
2644
2645
2646
2647
2648
2649
2650
2651
2652
2653
2654
2655
2656
2657
2658
2659
2660
2661
2662
2663
2664
2665
2666
19798
19810
18376
19799
19800
18408
9676
18390
18378
9677
9678
9679
19801
9680
9681
9682
10616
9683
13047
13048
9684
13050
13051
13052
13053
13054
9685
13056
13057
13058
13059
13060
13061
13062
13063
13064
13065
13066
13067
13068
13069
13070
13071
13072
13073
13074
13075
13076
13077
13078
13079
13080
13081
13082
13083
13084
13085
13086
13087
13088
18377
19804
10603
19805
19806
18374
19796
13182
10604
19807
18375
10601
19808
17330
17331
17332
17333
17334
17335
17336
17337
17338
17339
17340
10602
17342
17343
17344
17345
17346
10615
5060
5061
5062
5063
5064
5065
5066
5067
5068
5069
5070
5071
5072
5073
5074
5075
5076
5077
5078
5079
5080
5081
5082
5083
5084
5085
5086
5087
5088
5089
5090
5091
5092
5093
5094
5095
5096
5097
5098
5099
5100
5101
5102
5103
5104
5105
5106
5107
5108
5109
5110
5111
5112
5113
5114
5115
5116
5117
5118
5119
5120
5121
5122
19811
10620
19797
10605
15419
62505
62506
62507
18380
15409
15410
15411
15412
15413
15414
15415
15416
15417
15418
5983
15420
15421
15422
15423
15424
15425
15426
15427
15428
15429
15430
15431
15432
15433
15434
15435
15436
15437
5198
5199
5200
5201
5202
5203
5204
5205
5206
5207
5208
5209
5210
5211
5212
5213
5214
5215
5216
5217
5218
5219
5220
5221
5222
5223
5224
5225
5226
5227
5228
5229
5230
5231
5232
5233
5234
5235
5236
5237
5238
5239
18383
18393
18379
18384
10619
16407
19817
18385
14317
18386
19812
16383
18387
1283
1284
1285
1286
1287
1288
1289
1294
1295
17371
17365
18388
18394
10614
1319
1320
1321
1322
1323
1324
1325
1326
1327
1328
1329
1330
1331
1332
1333
1334
1335
1336
1337
1338
1339
1340
1341
1342
1343
1344
1345
1346
1347
1348
1349
1350
1351
1352
1353
1354
1355
1356
1357
1358
1359
1360
1361
1362
1363
1364
1365
1366
1367
1368
1369
1370
1371
1372
1373
1374
1375
1376
1377
1378
1379
1380
1381
1382
19815
19816
1385
19818
19819
19820
19821
19822
19823
19824
19825
19826
19827
19828
19829
18391
19813
19832
19833
19834
19835
19836
10617
18381
18392
10618
9640
9641
9642
9643
9644
9645
9646
9647
9648
9649
9650
9651
9652
9653
9654
9655
9656
9657
9658
9659
9660
9661
9662
9663
9664
9665
9666
9667
9668
9669
9670
9671
9672
9673
9674
9675
1484
1485
1486
1487
1488
1489
1490
1491
1492
1493
1494
1495
1496
1497
1498
1499
1500
1501
1502
1503
1504
18395
19803
10621
18396
19814
16377
18382
19830
17359
19831
17341
11889
11890
11891
11892
11893
11894
11895
11896
11897
11898
11899
11900
11901
11902
11903
11904
11905
11906
11907
11908
11909
11910
11911
11912
11913
11914
11915
11916
11917
11918
11919
11920
11921
11922
11923
11924
11925
11926
5989
11928
11929
11930
17349
18401
6535
17350
17351
17352
17353
17354
6536
17355
17356
17357
17358
14311
14287
6537
17360
17361
17362
17363
17364
18404
14293
19802
17366
17347
17367
17368
17369
18389
18405
6539
17370
14299
17372
11927
18397
18398
18406
18399
18400
14305
18402
18403
18407
996
5979
5980
5981
5982
997
5984
5985
5986
5987
5988
998
5990
5991
5992
5993
5994
5995
5996
5997
5998
5999
6000
6001
6002
6003
6004
6005
6006
6007
6008
6009
6010
6011
6012
6013
6014
6015
6016
6017
6018
6019
6020
6021
6022
6023
6024
6025
6026
6027
6028
6029
6030
6031
6032
6033
6034
6035
6036
6037
6038
6039
6040
6041
19809
17348
18366
18367
18368
18369
18370
18371
18372
18373
14278
14279
14280
14281
14282
14283
14284
14285
14286
6477
14288
14289
14290
14291
14292
6478
14294
14295
14296
14297
14298
6479
14300
14301
14302
14303
14304
6480
14306
14307
14308
14309
14310
6481
14312
14313
14314
14315
14316
10578
14318
14319
10579
6133
6134
6135
16376
10580
16378
16379
16380
16381
16382
10581
